Sun Jan 21 08:12:34 UTC 2018
training model 1 ...
creating quadratic features for pairs: pp pn pa pb pc pd pg nn na nb nc nd ng ab ac ad ag bc bd bg cd cg dd dg m: 
using l1 regularization = 1.3e-08
using l2 regularization = 1e-07
final_regressor = log_bin1.model
Num weight bits = 27
learning rate = 0.007
initial_t = 0
power_t = 0.5
creating cache_file = .cache
Reading datafile = 
num sources = 1
average  since         example        example  current  current  current
loss     last          counter         weight    label  predict features
0.473964 0.473964       500000       500000.0  -1.0000  -2.2832     1027
0.469261 0.464558      1000000      1000000.0  -1.0000  -4.5039      720
0.466428 0.460762      1500000      1500000.0  -1.0000  -2.4700     1086
0.464227 0.457625      2000000      2000000.0  -1.0000  -1.7372     1004
0.461990 0.453040      2500000      2500000.0  -1.0000  -1.7378     1074
0.460612 0.453721      3000000      3000000.0  -1.0000  -1.9691      987
0.459461 0.452558      3500000      3500000.0  -1.0000  -2.5279      633
0.458841 0.454502      4000000      4000000.0   1.0000   1.1079      916
0.458027 0.451516      4500000      4500000.0  -1.0000  -1.7323     1221
0.457285 0.450608      5000000      5000000.0  -1.0000   0.9215     1092
0.456651 0.450309      5500000      5500000.0  -1.0000  -5.7318     1122
0.456002 0.448863      6000000      6000000.0  -1.0000  -5.8298     1074
0.455056 0.443706      6500000      6500000.0  -1.0000  -2.8253     1221
0.454874 0.452503      7000000      7000000.0  -1.0000  -2.9301      987
0.455135 0.458792      7500000      7500000.0  -1.0000  -0.6324     1006
0.454869 0.450884      8000000      8000000.0   1.0000  -0.9304     1227
0.454519 0.448920      8500000      8500000.0   1.0000  -0.6526     1149
0.454150 0.447866      9000000      9000000.0   1.0000   1.7561     1177
0.453743 0.446418      9500000      9500000.0  -1.0000  -2.9935     1221
0.453459 0.448065     10000000     10000000.0  -1.0000  -1.2800     1080
0.453287 0.449849     10500000     10500000.0   1.0000   1.2968     1056
0.452962 0.446136     11000000     11000000.0  -1.0000  -2.4214      942
0.452735 0.447731     11500000     11500000.0  -1.0000  -2.2082     1324
0.452548 0.448245     12000000     12000000.0   1.0000   0.1699     1278
0.452189 0.443588     12500000     12500000.0   1.0000   0.1608     1042
0.451927 0.445362     13000000     13000000.0  -1.0000  -4.8971     1074
0.451439 0.438754     13500000     13500000.0  -1.0000  -5.4025      898
0.451512 0.453491     14000000     14000000.0  -1.0000  -2.6243      855
0.451329 0.446217     14500000     14500000.0  -1.0000  -0.9397     1033
0.451167 0.446448     15000000     15000000.0   1.0000   0.5555     1139
0.450684 0.436190     15500000     15500000.0  -1.0000  -1.8681     1044
0.450350 0.440010     16000000     16000000.0  -1.0000  -0.8357      918
0.450206 0.445594     16500000     16500000.0  -1.0000  -1.5940     1324
0.450169 0.448937     17000000     17000000.0  -1.0000  -0.7249      967
0.450017 0.444865     17500000     17500000.0  -1.0000  -3.0983     1040
0.449790 0.441827     18000000     18000000.0  -1.0000  -1.6575      987
0.449560 0.441308     18500000     18500000.0  -1.0000  -4.4496     1074
0.449385 0.442901     19000000     19000000.0   1.0000   2.1738     1221
0.449181 0.441432     19500000     19500000.0  -1.0000  -1.7940     1221
0.449031 0.443168     20000000     20000000.0  -1.0000  -1.3028     1324
0.448706 0.435696     20500000     20500000.0  -1.0000  -0.1146      923
0.448833 0.454052     21000000     21000000.0  -1.0000  -0.5868     1227
0.448808 0.447768     21500000     21500000.0  -1.0000  -3.0579      981
0.448717 0.444795     22000000     22000000.0  -1.0000  -4.5694      954
0.448605 0.443687     22500000     22500000.0  -1.0000  -3.1769     1221
0.448550 0.446067     23000000     23000000.0  -1.0000  -3.2752     1128
0.448505 0.446422     23500000     23500000.0  -1.0000  -1.3790      714
0.448464 0.446535     24000000     24000000.0  -1.0000  -0.3476     1227
0.448358 0.443272     24500000     24500000.0  -1.0000  -1.5384     1060
0.448274 0.444158     25000000     25000000.0   1.0000  -0.4166     1094
0.448176 0.443267     25500000     25500000.0   1.0000  -0.7266     1128
0.448038 0.441050     26000000     26000000.0  -1.0000   0.4927      967
0.447972 0.444509     26500000     26500000.0  -1.0000   0.0794     1122
0.447808 0.439119     27000000     27000000.0   1.0000   0.4428     1183
0.447779 0.446210     27500000     27500000.0   1.0000   1.8917     1227
0.447925 0.455970     28000000     28000000.0  -1.0000  -1.4321     1049
0.447969 0.450450     28500000     28500000.0  -1.0000  -1.6460     1122
0.447871 0.442267     29000000     29000000.0  -1.0000  -2.5324     1324
0.447768 0.441787     29500000     29500000.0  -1.0000  -2.2108     1221
0.447709 0.444227     30000000     30000000.0  -1.0000  -1.9220      869
0.447673 0.445497     30500000     30500000.0   1.0000  -0.7402     1128
0.447643 0.445809     31000000     31000000.0  -1.0000  -2.0155     1272
0.447595 0.444625     31500000     31500000.0  -1.0000  -3.9495      956
0.447418 0.436270     32000000     32000000.0  -1.0000  -1.0211     1272
0.447161 0.430698     32500000     32500000.0  -1.0000  -2.3711      960
0.446953 0.433438     33000000     33000000.0  -1.0000  -1.9276     1128
0.446699 0.429983     33500000     33500000.0  -1.0000  -1.5481     1324
0.446534 0.435459     34000000     34000000.0   1.0000  -0.0508      998
0.446680 0.456567     34500000     34500000.0   1.0000  -1.4409     1033
0.446734 0.450486     35000000     35000000.0  -1.0000  -2.9501     1324
0.446701 0.444402     35500000     35500000.0  -1.0000  -5.2407     1042
0.446667 0.444242     36000000     36000000.0   1.0000  -0.8569     1128
0.446692 0.448510     36500000     36500000.0  -1.0000  -2.0389      918
0.446672 0.445218     37000000     37000000.0  -1.0000  -0.5245      954
0.446648 0.444889     37500000     37500000.0  -1.0000  -1.7959      936
0.446650 0.446782     38000000     38000000.0  -1.0000  -1.8447      855
0.446617 0.444123     38500000     38500000.0  -1.0000   0.1888     1005
0.446556 0.441818     39000000     39000000.0   1.0000  -0.1482     1128
0.446523 0.443930     39500000     39500000.0  -1.0000  -3.0442     1221
0.446447 0.440504     40000000     40000000.0  -1.0000  -2.7291     1221
0.446377 0.440786     40500000     40500000.0  -1.0000  -3.3113     1189
0.446295 0.439601     41000000     41000000.0  -1.0000  -1.3669     1171
0.446241 0.441824     41500000     41500000.0   1.0000  -1.2920     1128
0.446205 0.443216     42000000     42000000.0  -1.0000  -1.4249     1080
0.446149 0.441431     42500000     42500000.0  -1.0000  -1.6975     1221
0.446091 0.441165     43000000     43000000.0  -1.0000  -1.7704     1177
0.446035 0.441248     43500000     43500000.0  -1.0000  -2.0593      757
0.445979 0.441089     44000000     44000000.0  -1.0000  -1.4963     1221
0.445926 0.441288     44500000     44500000.0  -1.0000  -2.5038     1236
0.445854 0.439463     45000000     45000000.0   1.0000  -0.9869     1144
0.445784 0.439451     45500000     45500000.0  -1.0000  -2.3879      968
vw example #45840617(parser.cc:240): WARN: reset_source(vw& all, size_t numbits) cannot rename: [ . c a c h e . w r i t i n g 
